# Created by Octave 6.4.0, Mon May 27 13:19:18 2024 EEST <root@razvan-ASUS-TUF-Gaming-F15-FX507ZC4-FX507ZC4>
# name: _osc
# type: matrix
# rows: 4410
# columns: 1
 0
 0.00019187184864561828
 0.00074238661422683491
 0.0015787047290548102
 0.0025874213706667051
 0.0036258239524835879
 0.0045362460644509288
 0.0051622506696465693
 0.0053652000385658099
 0.0050397140496806674
 0.0041265877549965888
 0.0026219291968682524
 0.0005815753704754605
 -0.0018797747149151547
 -0.0045948353613054554
 -0.0073550876925997143
 -0.0099264418105531691
 -0.012068050813045329
 -0.013552816969051111
 -0.014187937885684232
 -0.013833776445019862
 -0.012419410841020141
 -0.0099534278901715258
 -0.0065288510682493311
 -0.0023215218460122234
 0.0024182519229293733
 0.0073804403380209578
 0.012215570592483214
 0.016559214454693515
 0.020058975845278788
 0.022402007187922467
 0.023340962557810246
 0.022716330942202982
 0.020473286234265923
 0.016671532103226049
 0.011487088403263651
 0.0052055299797650924
 -0.0017931907256326439
 -0.0090575735891811841
 -0.016093692244486663
 -0.02239872910969181
 -0.027496650197649759
 -0.030973504017879412
 -0.032509763461898322
 -0.031907250781855578
 -0.029108490420000469
 -0.024206805845507114
 -0.017446085434330683
 -0.0092098487349897215
 -1.8156639382214919e-17
 0.0095935924322808584
 0.018930858662784267
 0.027364215303616664
 0.034283333161333827
 0.039158898686822728
 0.041582255590800178
 0.041298005357172561
 0.038227050274781425
 0.032478157209053199
 0.024346867754479928
 0.01430143198291778
 0.0029563414665836748
 -0.0089650794095953099
 -0.020676759125874529
 -0.031381707488425399
 -0.040326169855372185
 -0.046852432568293634
 -0.050446596495912467
 -0.050777882959290949
 -0.047726528735318574
 -0.041398036136733832
 -0.032122426372826349
 -0.02043814247451976
 -0.0070612956149538227
 0.0071580256918709175
 0.021289731744291152
 0.03438456907513783
 0.045537839750407157
 0.053951728135577394
 0.058991952261529146
 0.060234742084671625
 0.057500712697451314
 0.050873014279085089
 0.040698151899051932
 0.027569012167832786
 0.012290834674445387
 -0.0041679568217405927
 -0.020737076375230468
 -0.036313972243969879
 -0.049837172269064256
 -0.060358500433865252
 -0.067109258705405406
 -0.069555772988247569
 -0.067440325516194805
 -0.060804402210667727
 -0.049992316420069079
 -0.035634557482888234
 -0.018611569318625221
 -7.2626557528859675e-17
 0.018995313015916067
 0.037119330711341547
 0.053149725878178386
 0.065979244952000943
 0.07469197342116185
 0.078628265117149418
 0.077433760044698569
 0.071088900510997061
 0.05991660036842586
 0.044567147753963414
 0.025980934768967338
 0.0053311075626919138
 -0.016050384104275284
 -0.036758682890443567
 -0.05540832728425106
 -0.070725897900191195
 -0.08163681432354182
 -0.087340376022773794
 -0.087367828032897665
 -0.081619281025617274
 -0.070376661432447737
 -0.054291424855481191
 -0.034347433880790194
 -0.011801069383895801
 0.011897799460812425
 0.03519902315056133
 0.056553567557792721
 0.074516465046120764
 0.087844480425876004
 0.095581897335135821
 0.097128521611533
 0.092285094452699765
 0.081272742323904454
 0.064724771694877531
 0.043650935932401963
 0.01937613936912572
 -0.0065427229178485549
 -0.032416579161279761
 -0.056534252243452758
 -0.077275615428436417
 -0.093220350670080929
 -0.10324501339293136
 -0.10660178251459682
 -0.102973400250534
 -0.092500314001334974
 -0.075777826994631328
 -0.053823029531446159
 -0.028013289902260315
 -1.6340975443993427e-16
 0.028397033599551237
 0.055307802759898855
 0.078935236452740143
 0.097675156742667815
 0.11022504815550084
 0.11567427464349868
 0.11356951473222457
 0.1039507507472127
 0.087355043527798493
 0.064787427753446855
 0.037660437555017336
 0.007705873658800615
 -0.023135688798954886
 -0.052840606655012577
 -0.079434947080076701
 -0.10112562594501018
 -0.11642119607879005
 -0.12423415554963511
 -0.12395777310650447
 -0.11551203331591621
 -0.099355286728161241
 -0.076460423338136047
 -0.04825672528706066
 -0.016540843152837621
 0.016637573229753441
 0.04910831455683104
 0.078722566040446668
 0.10349509034183436
 0.12173723271617458
 0.1321718424087425
 0.13402230113839439
 0.12706947620794815
 0.11167247036872373
 0.088751391490704074
 0.059732859696971174
 0.026461444063806083
 -0.0089174890139564807
 -0.044096081947329023
 -0.076754532242935811
 -0.10471405858780872
 -0.12608220090629599
 -0.13938076808045732
 -0.1436477920409461
 -0.1385064749848732
 -0.12419622579200223
 -0.10156333756919343
 -0.072011501580003884
 -0.037415010485896717
 -2.905062301154387e-16
 0.03779875418318638
 0.073496274808456136
 0.10472074702730187
 0.1293710685333348
 0.14575812288983994
 0.15272028416984787
 0.1497052694197506
 0.13681260098342837
 0.11479348668717115
 0.085007707752930331
 0.049339940341067083
 0.010080639754909056
 -0.030220993493634742
 -0.068922530419581546
 -0.1034615668759023
 -0.13152535398982917
 -0.15120557783403826
 -0.16112793507649642
 -0.16054771818011121
 -0.14940478560621501
 -0.12833391202387501
 -0.098629421820790958
 -0.062166016693331161
 -0.021280616921779478
 0.021377346998694743
 0.063017605963101034
 0.10089156452310112
 0.13247371563754792
 0.15562998500647315
 0.16876178748234916
 0.17091608066525577
 0.16185385796319657
 0.14207219841354302
 0.1127780112865301
 0.075814783461541524
 0.033546748758486483
 -0.01129225511006437
 -0.055775584733378257
 -0.096974812242418815
 -0.13215250174718099
 -0.15894405114251139
 -0.17551652276798302
 -0.18069380156729536
 -0.17403954971921246
 -0.15589213758266951
 -0.12734884814375555
 -0.090199973628561636
 -0.04681673106953238
 -1.770731190767359e-15
 0.047200474766821481
 0.091684746857013374
 0.13050625760186357
 0.16106698032400177
 0.18129119762417939
 0.1897662936961971
 0.18584102410727663
 0.1696744512196447
 0.14223192984654384
 0.10522798775241499
 0.061019443127116879
 0.01245540585101616
 -0.037306298188314567
 -0.085004454184150494
 -0.12748818667172682
 -0.16192508203464812
 -0.18598995958928599
 -0.19802171460335777
 -0.19713766325371776
 -0.18329753789651382
 -0.15731253731958877
 -0.12079842030344703
 -0.076075308099601696
 -0.026020390690722803
 0.026117120767636014
 0.076926897369372332
 0.12306056300575555
 0.16145234093326147
 0.1895227372967711
 0.20535173255595582
 0.20780986019211731
 0.19663823971844499
 0.17247192645836146
 0.13680463108235619
 0.091896707226109667
 0.040632053453168407
 -0.013667021206172223
 -0.067455087519425999
 -0.11719509224190182
 -0.15959094490655429
 -0.1918059013787268
 -0.21165227745550924
 -0.21773981109364465
 -0.20957262445355168
 -0.18758804937333765
 -0.15313435871831771
 -0.10838844567711807
 -0.056218451653168099
 -6.5363901775973707e-16
 0.056602195350455013
 0.10987321890557059
 0.1562917681764241
 0.19276289211466874
 0.2168242723585185
 0.22681230322254634
 0.22197677879480265
 0.20253630145586052
 0.16967037300591653
 0.12544826775189874
 0.072698945913166696
 0.01483017194712441
 -0.044391602882994347
 -0.1010863779487194
 -0.15151480646755219
 -0.19232481007946706
 -0.22077434134453408
 -0.23491549413021909
 -0.23372760832732448
 -0.21719029018681266
 -0.18629116261530257
 -0.1429674187861022
 -0.089984599505872273
 -0.030760164459664993
 0.030856894536577247
 0.090836188775639301
 0.14522956148840996
 0.19043096622897498
 0.22341548958706953
 0.24194167762956245
 0.24470363971897871
 0.23142262147369341
 0.20287165450318265
 0.16083125087818226
 0.10797863099067898
 0.047717358147849137
 -0.01604178730228004
 -0.0791345903054749
 -0.13741537224138475
 -0.18702938806592428
 -0.22466775161494221
 -0.24778803214303513
 -0.25478582061999389
 -0.24510569918789094
 -0.21928396116400509
 -0.17891986929287987
 -0.12657691772567886
 -0.065620172236803845
 -8.8967532972853102e-16
 0.066003915934089774
 0.12806169095412778
 0.18207727875098556
 0.22445880390533571
 0.25235734709285657
 0.2638583127488956
 0.25811253348232871
 0.23539815169207631
 0.19710881616528925
 0.14566854775138255
